ccccc 200 600 200 600 200 992 200 992 200 600 200 600 200 992 200 992 208 600 208 600 1000 1000 1000 1000 208 600 208 600 1000 1000 1000 1000
ccccd 100 350 398 353 100 350 982 350 100 563 396 563 100 977 982 987 110 350 401 355 105 350 977 1000 110 566 406 571 1000 1000 1000 1000
cccdc 200 398 200 502 198 563 200 563 200 398 200 502 198 747 745 745 203 406 203 500 211 571 203 571 209 406 505 505 750 750 750 750
cccdd 100 350 492 350 100 350 425 350 100 425 492 497 100 742 737 742 108 353 500 500 113 358 425 358 108 425 500 500 750 750 750 750
ccdcc 200 600 200 600 200 992 200 992 200 600 200 600 200 992 200 992 208 600 208 600 1000 1000 1000 1000 208 600 208 600 1000 1000 1000 1000
ccdcd 2 0 231 348 2 0 231 348 2 0 425 561 0 0 985 987 12 350 236 355 7 350 236 1000 12 566 425 571 1000 1000 1000 1000
ccddc 200 12 201 425 200 563 200 563 200 12 495 495 0 0 740 747 203 10 203 425 211 571 203 571 15 15 500 505 750 750 750 750
ccddd 2 0 231 348 2 0 231 348 2 0 495 495 0 0 740 742 10 350 236 353 7 350 236 358 10 15 500 505 750 750 750 750
cdccc 200 600 200 600 200 992 200 992 200 600 200 600 200 992 200 992 208 600 208 600 1000 1000 1000 1000 208 600 208 600 1000 1000 1000 1000
cdccd 100 233 396 425 100 233 990 977 100 497 396 497 100 492 990 497 103 241 406 425 1000 1000 1000 1000 110 500 500 500 500 500 500 500
cdcdc 200 398 200 502 198 425 200 497 200 398 200 502 198 502 500 500 201 406 495 500 209 425 505 500 500 500 500 500 500 500 500 500
cdcdd 100 233 500 500 100 231 497 495 100 497 500 500 100 492 500 500 103 241 495 500 113 236 500 500 500 500 500 500 500 500 500 500
cddcc 200 600 200 600 200 992 200 992 200 600 200 600 200 992 200 992 208 600 208 600 1000 1000 1000 1000 208 600 208 600 1000 1000 1000 1000
cddcd 2 0 250 250 0 0 250 250 0 0 495 495 0 0 495 495 5 5 250 250 5 5 250 250 500 500 500 500 500 500 500 500
cdddc 200 12 250 250 0 0 250 250 0 0 495 495 0 0 495 495 5 5 250 250 5 5 250 250 500 500 500 500 500 500 500 500
cdddd 2 0 250 250 0 0 250 250 0 0 495 495 0 0 495 495 5 5 250 250 5 5 250 250 500 500 500 500 500 500 500 500
dcccc 198 600 200 600 200 992 200 992 200 600 200 600 200 992 200 992 208 600 208 600 1000 1000 1000 1000 208 600 208 600 1000 1000 1000 1000
dcccd 100 345 396 350 100 350 982 350 100 563 396 563 100 977 982 987 110 350 401 355 105 350 977 1000 110 566 406 571 1000 1000 1000 1000
dccdc 198 398 200 502 198 563 200 563 200 398 200 502 198 747 745 745 203 406 203 500 211 571 203 571 209 406 505 505 750 750 750 750
dccdd 100 345 500 500 100 345 425 353 100 425 500 500 100 737 745 745 105 350 497 350 105 350 425 350 113 425 505 505 750 750 750 750
dcdcc 0 0 201 600 200 992 200 992 200 600 200 600 200 992 200 992 208 600 208 600 1000 1000 1000 1000 208 600 208 600 1000 1000 1000 1000
dcdcd 0 0 231 348 2 0 231 348 2 0 425 561 0 0 985 987 12 350 236 355 7 350 236 1000 12 566 425 571 1000 1000 1000 1000
dcddc 0 0 201 425 200 563 200 563 200 12 495 495 0 0 740 747 203 10 203 425 211 571 203 571 15 15 500 505 750 750 750 750
dcddd 0 0 231 348 2 0 231 348 2 0 495 495 0 0 740 742 10 350 236 353 7 350 236 358 10 15 500 505 750 750 750 750
ddccc 198 600 200 600 200 992 200 992 200 600 200 600 200 992 200 992 208 600 208 600 1000 1000 1000 1000 208 600 208 600 1000 1000 1000 1000
ddccd 100 231 398 425 100 231 982 977 100 497 396 497 100 492 990 497 103 241 406 425 1000 1000 1000 1000 110 500 500 500 500 500 500 500
ddcdc 198 398 200 502 198 425 200 497 200 398 200 502 198 502 500 500 201 406 495 500 209 425 505 500 500 500 500 500 500 500 500 500
ddcdd 100 231 492 497 100 231 497 495 100 497 500 500 100 492 500 500 103 241 495 500 113 236 500 500 500 500 500 500 500 500 500 500
dddcc 0 0 250 250 0 0 250 250 0 0 495 495 0 0 495 495 5 5 250 250 5 5 250 250 500 500 500 500 500 500 500 500
dddcd 0 0 250 250 0 0 250 250 0 0 495 495 0 0 495 495 5 5 250 250 5 5 250 250 500 500 500 500 500 500 500 500
ddddc 0 0 250 250 0 0 250 250 0 0 495 495 0 0 495 495 5 5 250 250 5 5 250 250 500 500 500 500 500 500 500 500
ddddd 0 0 250 250 0 0 250 250 0 0 495 495 0 0 495 495 5 5 250 250 5 5 250 250 500 500 500 500 500 500 500 500
